000001110000000000011110110101001101
373553771535238353792367388390047314883937462419888236964916010962
11101001000100011011000111111010
3867602792674146805167577115834113175555734340941587456369863506814561
67807058758106586551057083
68125133303053470958409778752318443966498025362559312489385738573899630632390747709969899583642
101101011110011000011010
11110111001110110101111011010000
9652
11010110001001100011100101110010
11011000010110001010110001000101
1101010000110011100100010010001110011111101010100111010001
00011010001001100011010010000000
1995714893175388135524133843086308999580017548463918341928246986
00000010000001111011111011110000000011
30332863836849009357503707958242277656069846868993865358065000237215811927703514192847665266211132
11101001110001010011100000100011
00011100110111011010001000000011
00010001101001100001110110101000
00110101001011000100000001100000
11011111100011100000011100011001
1001100100100111101111101101110000010000001010101
68752377901775504746638392410658443
214101235124687630775924986194145577990413993868957449069899205982673916426714629385503482523211490
362642980195170107132585811713642026417448255288113481164447823226877
000100011101100000001011101110110101100100
11100000100110111011010010111111
110111110011101110011
00100001110001110110100011000101
8499981415516241764006
11110111111001100001000011011111
3785961053887134217836676956292782298695993808240153732529240618060849539811
11101011010110110000110101101101
11011110000110011111011011011010
10010100100110110101011111010101001011010001010000
00111101101100101111110100101001010100110000010101110100010
00110100010000011100011
7
8158302112557759919295516096936943873007
214014108073233323904332382356908301931868103737047482911148058090
00000001111100101010010
00111111000011111100001100111001
0110111111100111100111011111001000111010100110000011
10011101101100111000101010010101111101011100101101110111
000110001011110011000010111110010100100000101100000101111000
7580556757729293411265678779382050207194876917268305
11110010001000000011000010011000
327621993
00000101111100110011110010101010100111100010111111000
5928631828230511603517902427844556339513567630720271963
00110011111000001001110001001101
11101100010000101111111
5578009388250729323714
00100001000011111010101010011010
76576749677166774113008039174361120094173880687018510434373909243244752062240171
11010100100100000101111100001110
60627119143669357783909246569285259961097485513201793
10101101100111001100010110110001111001
00000111001110000110010000010011
111110001011111100101
11100010111000101111100101011001
00011010001011011101100001100001000111111000101
0010011101001001000100110011101100010100000
1001110000010111111001101010010110111111110111001001111011
01111000111110001100111001000110001100101110110
33984349029923287913512823153
40035758948521575761663796920864889
101100100111101110010010010101
1010110101001000110011111111001110000010000100011000
10011011001011000000001000001110111001101100001011110010010
11011100000001101011101010000000
5384558660234966840000910614874524979957172668464565558539128
1101111000010010011101100011000110100000011110
11100000011011000100100010110010100100111010010000
11100101110110110100000010010010
11010100111101101111011100100000
120460594
